10
12
10
12
14
13
14
12
16
12
12
11
13
11
14
15
16
11
21
11
18
23
25
14
15
15
15
10
19
10
11
15
10
15
11
12
11
10
10
16
11
11
13
12
12
11
10
20
13
12
11
10
12
10
12
20
17
11
18
15
10
18
10
10
14
10
11
10
10
12
12
10
15
20
13
16
14
20
11
10
14
26
10
15
12
11
19
10
14
10
17
12
15
14
10
13
16
15
11
11
12
10
15
12
16
11
13
12
18
11
10
11
21
10
16
10
11
10
10
12
10
14
15
12
17
16
10
10
15
15
11
10
10
10
14
19
12
22
11
11
11
11
11
10
10
13
11
10
16
15
14
12
12
14
10
12
10
13
14
15
18
14
10
10
15
20
18
25
20
13
10
10
10
13
12
16
11
16
11
10
16
20
19
10
17
15
16
47
20
11
22
52
14
10
213
14
11
18
28
13
13
13
21
23
17
40
20
10
12
23
34
27
10
15
21
12
15
11
25
28
39
41
11
28
14
22
12
79
12
49
25
26
19
16
11
19
15
13
46
14
13
18
51
31
18
20
12
10
17
10
14
30
12
56
11
11
16
18
15
13
16
10
32
26
17
12
12
17
16
17
25
19
13
62
12
24
19
12
10
11
11
10
13
11
40
56
17
18
31
15
65
35
35
44
11
40
19
16
14
18
11
10
29
18
12
66
16
13
12
11
17
16
22
12
10
10
16
91
20
63
16
16
12
32
10
11
10
18
12
10
16
11
16
11
10
10
17
10
10
10
10
11
11
12
10
10
10
11
12
11
35
12
11
13
10
12
19
15
18
11
15
10
11
19
11
10
10
10
16
15
10
10
10
10
10
10
10
12
11
10
15
14
10
12
12
14
11
14
11
17
15
16
13
10
11
16
20
21
11
10
10
15
12
11
16
10
11
10
10
10
10
11
11
13
11
18
12
18
12
11
11
11
10
10
15
10
10
13
13
10
12
12
11
10
13
10
10
10
13
10
18
10
11
11
10
10
11
10
11
30
17
14
19
13
10
10
11
26
15
10
11
10
10
10
13
14
11
10
17
14
10
14
13
11
11
10
11
10
16
11
10
10
11
10
11
42
14
11
12
12
21
11
13
21
10
14
15
15
10
10
13
11
11
10
13
12
11
10
14
18
