10
12
10
12
14
13
14
12
16
12
12
13
15
11
16
11
21
14
11
11
25
15
14
23
18
15
10
19
11
15
10
15
10
12
12
11
10
16
11
11
11
11
13
10
12
20
10
13
10
10
11
12
12
12
11
20
15
15
11
18
17
10
17
10
10
10
18
10
14
10
20
15
10
13
20
12
12
16
14
14
12
11
15
10
26
10
11
14
10
14
10
12
19
15
15
11
16
13
16
11
12
15
10
12
10
13
12
11
16
18
11
10
11
10
21
17
12
10
10
10
10
11
14
15
12
16
15
10
10
11
11
15
10
10
19
12
10
14
11
12
22
11
10
14
11
11
13
11
10
16
10
10
12
15
14
12
10
13
14
18
10
15
18
14
13
20
10
25
15
10
10
12
13
11
16
11
20
10
16
16
19
20
17
10
16
15
47
11
20
22
12
14
10
52
213
10
11
18
13
14
28
13
21
13
17
40
23
20
10
23
34
15
10
12
21
27
15
25
11
39
12
28
14
28
11
22
49
41
12
25
16
19
19
79
26
13
13
11
14
18
20
15
31
46
51
18
12
10
10
17
14
30
11
56
11
16
12
13
15
16
10
18
32
17
17
12
12
26
16
17
25
13
62
19
12
24
19
12
10
11
11
10
13
11
40
56
17
18
31
15
65
35
35
44
11
40
19
16
14
18
11
10
29
18
12
66
16
13
63
12
11
17
16
22
12
10
10
16
91
20
16
16
12
32
11
10
18
10
12
16
10
16
11
11
10
10
17
10
10
10
10
11
11
12
10
10
10
11
12
11
35
12
11
10
13
12
19
15
18
11
15
10
11
19
11
10
10
10
16
15
10
10
10
10
10
10
10
12
11
10
15
14
12
10
12
14
11
14
11
13
17
15
16
16
11
10
20
21
11
10
10
12
11
16
10
11
10
10
10
11
10
15
11
13
18
12
11
18
11
11
11
10
10
15
10
10
10
12
13
10
13
12
12
11
13
10
10
13
18
10
10
10
10
11
11
11
17
10
11
30
14
19
13
10
10
14
11
26
15
10
11
10
10
10
13
11
10
17
14
10
14
13
11
11
10
11
10
16
11
10
10
11
10
11
42
14
11
12
12
21
11
13
21
10
18
14
15
15
10
10
13
11
11
12
10
10
10
13
11
14
