10
12
10
12
12
14
13
14
16
12
12
11
15
13
14
16
11
18
11
11
15
25
23
11
21
10
10
15
19
14
15
15
11
10
15
10
12
11
11
10
11
11
13
12
13
10
10
11
12
10
12
11
16
20
15
11
18
17
10
10
18
10
12
17
14
10
10
20
12
12
15
20
10
13
16
26
14
11
10
12
14
15
10
10
19
14
10
14
11
12
15
10
15
10
11
16
16
11
10
20
12
15
13
12
13
11
16
12
18
10
21
11
11
11
10
12
12
17
10
10
10
14
10
10
15
16
10
15
12
10
15
14
19
10
12
10
11
11
11
11
22
10
11
11
14
10
12
11
16
10
10
12
13
14
10
15
10
12
14
18
13
15
18
13
10
15
10
25
20
10
10
13
14
16
11
11
16
20
10
16
20
10
17
15
16
47
12
11
12
22
52
20
14
213
19
10
18
11
13
13
28
14
40
10
21
17
20
15
23
34
23
10
27
12
21
15
13
25
28
11
39
41
14
12
11
28
22
49
79
12
26
25
11
19
16
19
13
13
46
15
51
20
18
12
14
31
18
10
17
14
10
30
12
56
11
11
16
15
18
13
16
10
26
32
17
17
12
12
16
17
25
19
13
62
12
24
19
12
10
11
11
10
13
11
40
56
17
18
31
15
65
35
35
44
11
40
19
16
14
18
11
10
29
18
12
66
16
13
63
11
17
16
12
22
12
10
16
91
10
20
16
16
12
32
10
11
10
18
12
16
10
16
11
11
10
10
17
10
10
10
10
11
12
10
11
10
10
11
12
35
11
11
12
10
13
12
19
15
18
11
15
10
11
19
11
10
10
16
15
10
10
10
10
10
10
10
10
12
11
10
15
14
10
12
12
14
11
14
11
13
17
16
15
16
11
10
20
11
21
10
10
15
12
11
16
10
11
10
10
10
11
10
11
13
11
18
12
12
18
10
11
11
11
10
10
15
10
10
13
13
10
12
12
11
13
10
10
10
10
13
18
10
11
10
17
11
10
10
11
11
30
14
19
13
10
10
14
11
15
26
10
11
10
10
13
10
11
10
17
14
10
14
13
11
11
10
11
10
16
11
10
10
11
10
42
14
11
11
12
12
11
13
21
21
10
18
15
15
10
14
10
13
11
11
12
13
10
10
11
14
