10
12
10
12
14
14
12
13
16
12
12
11
13
15
14
16
11
11
18
25
15
23
11
14
21
11
15
10
10
19
15
15
15
11
10
10
11
12
11
10
16
12
11
11
10
13
12
10
20
12
11
13
12
12
10
20
11
17
11
15
18
17
10
10
18
10
14
10
12
10
20
10
12
15
13
10
16
26
14
14
20
10
12
10
15
10
19
11
14
11
14
11
12
15
15
10
13
16
11
10
12
10
16
15
13
12
11
12
16
11
10
18
21
11
10
10
17
11
12
10
10
14
10
15
10
12
15
10
15
10
11
11
10
14
16
10
19
22
12
12
11
10
11
14
11
13
11
10
11
10
10
15
14
13
10
12
16
10
13
14
18
15
12
14
18
10
15
20
25
20
10
10
13
12
16
10
11
11
16
16
20
10
10
17
19
15
47
20
11
12
22
52
16
213
10
11
14
18
28
13
13
14
23
21
17
13
10
20
40
34
23
15
10
12
21
27
15
39
11
25
12
11
28
28
14
22
41
49
12
25
26
19
79
19
16
13
11
14
13
15
46
20
31
51
18
18
10
12
17
14
30
12
56
11
11
10
16
18
15
13
16
10
32
26
17
17
12
12
16
17
25
19
13
62
12
24
19
12
10
11
11
10
13
11
40
56
17
18
31
15
35
65
35
44
11
40
19
16
14
18
11
10
29
18
12
66
16
63
12
17
11
16
12
22
10
10
13
91
16
16
16
20
32
12
10
11
18
10
12
16
16
11
10
10
10
17
10
10
11
11
10
11
10
12
10
10
11
10
11
12
35
12
11
13
10
12
19
15
18
11
15
10
19
11
11
10
10
10
16
15
10
10
10
10
10
10
10
11
12
10
15
14
10
12
12
14
14
11
11
13
17
15
16
16
11
10
20
21
11
10
10
15
12
11
16
10
11
10
10
10
11
10
11
13
11
18
12
12
18
11
11
10
11
10
15
10
10
13
13
10
12
12
10
11
10
10
10
13
13
10
11
10
11
17
11
10
10
11
30
10
19
13
18
14
14
10
10
26
15
10
11
10
10
10
11
11
17
10
14
10
14
11
11
10
11
10
16
11
13
13
10
10
11
10
11
42
14
11
12
12
21
11
13
21
10
18
14
15
10
10
15
13
11
11
12
10
13
10
11
14
