10
10
12
13
14
12
12
14
16
12
12
11
13
11
14
11
21
15
11
18
25
14
15
23
16
15
15
10
10
11
11
19
15
15
12
10
11
12
10
11
16
11
10
11
10
10
13
12
11
10
13
20
12
12
11
20
17
15
12
18
10
11
18
10
14
10
12
10
17
10
20
10
12
15
20
16
13
14
14
26
10
11
12
10
10
15
10
14
11
14
19
12
11
15
15
13
10
11
16
16
12
10
12
15
12
13
11
10
18
11
10
21
11
16
10
10
17
12
11
10
14
10
15
10
10
15
10
16
10
15
12
11
11
10
10
12
19
22
11
11
14
12
11
11
10
10
14
10
11
15
10
12
13
14
10
12
10
13
14
18
15
16
18
14
10
10
13
20
25
20
10
10
15
12
16
11
11
16
10
20
19
10
17
16
15
16
47
11
12
20
22
52
14
213
14
11
10
13
28
13
13
23
13
18
21
40
17
20
10
34
27
10
15
23
21
12
15
39
25
12
11
28
14
11
22
41
49
28
26
12
25
16
19
19
79
11
13
13
14
15
20
46
51
12
18
18
31
10
17
14
10
30
12
56
11
11
16
18
15
13
16
10
32
26
17
17
12
12
16
17
25
19
13
62
12
24
19
12
10
11
11
13
11
10
56
17
18
31
15
40
65
35
35
44
11
40
19
14
18
11
10
29
18
12
66
16
13
63
12
11
16
17
22
16
12
10
16
91
20
16
16
10
12
32
10
11
10
18
16
10
16
11
12
11
10
10
17
10
10
10
10
11
11
12
10
10
10
11
12
11
35
12
11
13
10
12
15
18
11
19
15
11
19
11
10
10
10
10
16
15
10
10
10
10
10
10
10
12
11
15
10
14
10
12
14
11
14
13
12
17
15
11
16
10
11
20
10
16
11
15
16
10
10
11
11
10
10
10
21
10
11
11
13
11
18
12
12
12
18
11
10
11
11
10
10
15
10
10
13
13
10
12
12
11
13
10
10
10
13
10
18
10
10
11
11
17
11
10
10
11
30
19
13
10
10
14
11
14
26
10
11
15
10
10
10
13
11
10
17
14
10
14
13
11
11
10
11
10
16
10
10
11
10
11
42
14
11
11
12
12
21
11
21
13
10
18
15
14
10
15
10
13
11
11
10
12
13
10
11
14
