10
12
10
12
14
13
14
12
16
12
12
13
11
15
14
11
11
21
11
18
25
23
15
14
15
11
16
15
10
10
19
11
15
10
15
12
10
12
11
10
16
11
11
13
12
10
10
13
20
12
11
11
12
10
12
11
17
15
18
11
20
10
10
18
10
17
10
10
12
10
20
12
10
15
13
20
16
26
14
14
11
14
12
15
10
10
19
11
14
10
11
14
15
12
15
13
10
16
16
11
10
10
12
12
13
12
11
16
18
11
21
11
10
11
10
10
17
10
12
10
14
10
15
12
16
15
10
15
11
11
10
10
14
19
10
12
22
11
11
12
11
10
10
11
14
10
13
11
10
16
15
10
12
13
14
10
12
14
13
18
15
18
14
10
10
15
20
25
20
10
13
10
12
16
10
11
11
16
16
10
20
19
10
17
16
47
20
11
12
22
52
14
15
10
213
14
11
28
18
13
13
13
21
23
17
40
10
20
15
34
23
27
10
12
21
15
39
11
25
28
12
11
41
14
28
22
79
12
49
25
26
19
16
19
11
13
15
13
14
46
18
20
51
12
15
31
18
10
10
17
14
30
12
56
11
11
16
18
15
13
16
10
26
17
17
32
12
12
16
17
25
13
62
12
24
19
12
10
11
11
10
13
19
40
56
17
18
31
15
65
35
11
35
44
11
40
19
16
14
18
11
10
29
18
12
66
16
13
63
12
11
17
16
22
12
10
10
16
91
20
16
16
12
32
10
11
10
18
12
16
10
16
11
11
10
10
17
10
10
10
10
11
11
12
10
10
10
11
12
11
35
12
11
13
10
12
19
18
15
11
15
10
11
19
11
10
10
10
16
15
10
10
10
10
10
10
10
12
11
15
14
10
12
12
14
11
14
11
13
10
17
15
16
16
11
20
10
21
11
10
10
15
12
11
16
10
10
11
10
10
10
11
13
11
18
12
12
11
18
10
11
11
11
10
10
15
10
10
13
10
12
12
11
13
10
10
10
13
10
18
13
10
10
11
17
11
11
10
10
11
14
19
13
10
10
14
11
26
15
10
11
10
10
10
13
11
10
17
14
10
14
13
11
11
10
11
10
16
11
10
10
11
10
11
42
14
11
30
12
12
21
11
13
21
10
18
15
14
15
10
10
13
11
11
12
10
13
10
11
14
