10
10
12
12
16
13
14
12
14
12
12
11
15
11
14
16
21
13
18
15
11
23
11
14
11
10
15
19
11
10
15
12
10
11
12
11
10
16
10
11
15
11
25
10
13
15
10
20
13
12
12
10
11
12
12
11
20
17
15
11
18
10
18
10
17
10
12
14
10
20
10
10
15
10
13
16
12
26
14
14
10
20
11
10
10
15
11
12
10
19
14
14
12
15
15
11
16
13
11
10
12
16
10
12
12
13
11
16
18
11
21
15
11
11
10
10
12
17
10
10
10
14
10
12
15
16
10
10
15
15
10
11
10
11
14
12
10
22
19
12
11
11
10
11
11
10
14
16
13
15
10
11
12
14
10
10
12
10
14
18
13
15
18
10
13
14
15
20
25
10
10
10
20
13
11
12
16
16
10
11
19
16
10
15
20
16
17
20
12
47
22
11
52
14
213
14
11
10
13
28
13
21
18
40
13
23
10
15
20
34
10
23
17
21
12
15
39
25
11
12
27
28
41
11
22
14
49
28
26
79
25
16
19
11
12
13
13
46
14
20
15
31
12
18
18
10
51
17
19
10
30
12
56
14
11
16
18
15
11
13
16
10
32
26
17
12
12
16
17
17
25
19
13
62
24
19
12
12
10
11
11
10
13
11
40
56
17
18
31
15
65
35
35
44
11
40
19
16
14
18
11
10
29
18
12
16
66
13
63
12
11
17
16
12
10
10
91
16
20
16
16
12
32
22
10
10
11
18
12
16
10
11
16
10
10
17
10
11
10
10
10
11
11
12
10
10
10
11
12
11
35
12
11
13
10
12
19
18
11
15
11
10
15
11
10
19
10
16
10
15
10
10
10
10
10
10
10
11
12
10
15
14
10
12
12
11
14
11
13
14
17
15
16
16
10
11
20
11
21
10
10
15
12
11
16
10
11
10
10
10
11
10
11
13
18
12
12
18
10
11
11
11
11
10
10
10
15
10
13
13
10
12
12
11
13
10
10
10
13
10
18
10
10
11
11
11
17
10
10
11
30
14
19
13
10
10
14
11
26
15
10
11
10
10
13
11
10
17
14
10
13
11
10
11
14
11
10
16
11
10
10
11
10
11
42
14
11
12
12
21
11
13
21
10
18
15
14
15
10
10
13
11
11
12
10
13
10
11
14
10
