12
10
10
14
14
12
12
16
12
12
11
13
13
15
11
14
16
11
11
18
15
14
23
11
15
15
10
10
19
11
21
15
15
10
10
12
12
25
11
16
11
11
13
11
12
13
10
12
10
11
10
10
12
11
20
17
15
11
18
20
17
10
12
10
14
10
12
18
10
20
10
12
15
20
13
16
14
10
14
10
26
12
10
11
10
10
15
11
10
14
19
12
14
15
11
13
15
11
10
12
16
10
12
16
11
15
13
16
11
10
21
11
11
18
10
12
17
10
10
10
14
10
15
10
12
15
10
12
15
16
11
11
14
10
19
12
11
22
11
11
10
10
11
12
10
13
10
11
16
14
15
12
10
14
10
12
10
13
10
13
18
15
18
10
10
15
20
25
20
10
10
14
12
11
16
11
16
16
20
10
13
14
19
15
17
47
10
11
20
12
22
14
52
213
10
11
16
14
18
28
13
23
21
17
10
13
20
40
15
34
27
10
12
23
13
21
39
25
15
12
28
11
41
28
14
79
49
11
26
25
22
16
19
13
11
19
13
14
46
18
15
20
12
51
31
18
10
12
14
10
17
56
30
12
11
16
11
15
13
18
16
10
26
32
17
17
12
16
12
17
25
19
13
62
12
24
19
10
11
11
10
12
13
11
56
40
17
31
15
65
35
35
44
11
19
40
16
14
11
18
10
29
18
12
66
16
13
63
12
11
17
16
22
12
10
16
91
20
16
16
12
32
18
10
10
11
10
18
12
16
10
11
16
11
10
10
17
10
10
10
10
11
11
12
10
10
10
12
11
35
11
12
11
13
10
12
19
15
18
11
11
15
10
19
10
11
10
16
10
15
10
10
10
10
10
10
10
11
10
12
15
14
10
12
12
14
11
11
13
14
17
16
15
11
16
10
21
11
20
10
10
15
12
16
11
11
10
10
10
10
11
10
13
11
11
18
12
12
18
10
11
11
11
10
10
15
10
10
13
13
10
12
12
11
13
10
10
10
13
10
18
10
10
11
11
17
11
10
10
11
30
14
13
19
10
14
10
26
11
11
15
10
10
10
10
13
11
10
17
14
10
14
11
13
10
11
11
10
16
11
10
10
11
10
11
42
14
11
12
12
21
11
13
21
10
18
15
14
15
10
10
13
11
11
12
10
10
11
13
14
