10
12
10
12
14
13
14
12
16
12
12
11
11
13
14
11
16
11
15
25
15
23
18
11
15
14
10
21
10
11
15
15
19
12
15
11
12
10
11
16
11
13
11
12
10
10
10
13
20
12
10
10
11
12
12
11
17
15
20
17
18
11
10
18
10
10
12
10
10
20
10
12
14
20
13
10
14
15
14
11
16
10
10
26
12
15
19
11
10
14
11
10
15
12
10
14
16
15
13
16
10
11
12
12
12
15
11
13
18
10
11
21
11
10
11
16
12
10
10
10
14
17
10
10
16
12
15
10
15
11
11
10
15
19
10
12
14
22
10
11
11
11
10
14
12
13
10
10
16
11
10
11
12
14
10
13
10
12
14
13
15
18
18
14
10
15
15
20
10
25
20
13
10
12
16
11
10
16
11
10
19
20
17
16
16
15
20
12
10
11
47
22
14
213
10
52
14
28
18
13
21
13
13
40
11
10
17
20
23
34
15
27
10
12
21
15
39
11
25
12
23
28
14
11
22
79
28
41
12
26
25
16
19
49
19
11
13
15
13
14
20
46
18
31
51
18
12
10
17
14
10
30
12
56
11
11
16
18
15
13
16
10
26
32
17
17
12
12
16
17
13
25
62
19
12
24
12
10
11
11
10
13
11
19
56
40
17
18
15
31
65
35
35
11
40
19
44
16
14
18
11
10
29
18
66
12
13
63
16
12
11
16
17
22
12
10
10
16
91
20
16
12
16
32
10
11
10
18
12
16
10
16
11
11
10
10
17
10
10
10
11
11
10
12
10
10
10
11
12
11
35
12
11
13
10
19
12
15
18
11
10
15
11
19
11
10
10
10
16
10
15
10
10
10
10
10
10
12
11
15
10
14
10
12
12
14
11
14
11
13
15
17
16
16
11
10
20
21
11
10
10
15
11
12
10
11
10
10
11
10
13
11
11
18
10
12
12
16
18
10
11
11
10
10
11
10
10
13
13
10
15
12
12
11
13
10
10
13
10
10
18
11
10
10
17
11
10
11
10
11
30
14
13
19
10
10
14
11
26
15
11
10
10
10
10
11
10
13
17
14
10
14
13
11
11
10
11
10
16
11
10
10
11
10
11
42
14
11
12
12
21
11
13
21
10
18
15
14
15
10
10
13
11
11
12
10
10
13
11
14
