10
12
10
13
14
12
16
12
14
12
12
15
11
14
13
16
11
21
15
18
11
23
11
11
15
15
14
10
19
10
15
12
10
10
11
11
12
16
10
11
11
13
11
13
10
10
12
20
12
11
12
10
12
11
17
15
20
18
17
10
25
11
10
18
15
12
10
10
10
10
20
12
15
10
13
16
20
14
14
11
26
10
12
10
15
14
11
19
10
14
11
14
15
12
10
15
16
13
16
11
10
15
10
13
12
12
11
12
18
11
10
21
11
16
11
17
10
10
10
10
12
10
15
14
16
12
10
10
15
11
11
10
14
19
10
15
10
11
12
22
10
11
11
14
10
11
10
16
15
10
11
13
14
10
12
12
10
13
14
18
13
15
12
18
14
10
10
15
20
25
20
10
10
13
12
16
11
16
10
16
19
20
17
10
15
16
11
11
22
52
12
10
213
14
11
14
18
13
13
28
47
20
23
17
40
10
21
20
34
15
23
13
27
21
10
15
39
12
28
12
25
41
11
14
22
11
28
12
49
26
16
25
19
19
11
79
15
13
46
14
20
31
51
10
13
10
18
18
12
14
30
17
12
56
11
16
18
15
13
10
16
32
26
17
17
12
11
16
12
17
25
19
13
62
12
24
19
10
12
11
11
10
11
13
40
56
17
18
31
15
65
35
35
11
44
19
40
16
14
18
11
10
29
18
12
66
16
63
13
12
11
17
16
22
12
10
10
91
20
16
16
16
12
32
10
10
18
11
12
16
10
16
11
10
10
17
11
10
10
10
10
11
11
12
10
10
10
11
12
11
35
12
13
12
15
18
10
11
11
19
10
15
19
11
11
10
10
10
16
15
10
10
10
10
10
10
10
11
12
10
15
14
10
12
11
14
14
13
11
12
15
17
16
16
11
10
20
21
11
10
10
12
16
11
15
11
10
10
10
11
10
11
11
10
12
18
12
18
13
10
11
11
11
10
15
10
10
10
13
10
13
12
11
13
10
10
12
10
13
18
10
10
10
11
11
17
11
10
10
11
30
14
19
10
13
14
11
26
10
15
10
11
10
10
10
13
10
11
14
17
10
14
13
11
10
11
11
10
16
11
10
10
11
10
42
11
11
14
12
12
21
11
21
13
10
18
15
15
14
10
10
13
11
11
12
10
13
10
11
14
