10
10
12
12
14
14
13
12
16
12
12
11
13
11
14
15
16
11
11
18
15
21
23
25
14
11
15
10
10
19
11
15
15
10
15
11
12
11
12
10
10
16
11
11
13
10
10
12
13
12
20
11
10
12
12
11
20
17
15
11
18
17
10
10
18
14
12
10
10
10
10
20
10
20
12
15
16
26
13
14
11
12
10
14
10
15
19
14
11
10
11
14
15
12
10
15
10
16
16
13
11
12
15
12
12
10
13
11
16
11
21
11
10
11
17
10
10
12
10
10
10
14
10
16
18
12
10
15
15
15
11
10
14
11
10
12
10
19
11
22
11
12
11
11
10
14
10
13
16
11
15
10
12
10
13
10
12
14
10
14
13
15
18
10
18
10
15
14
25
20
10
13
20
10
16
12
16
16
11
20
11
10
17
19
16
10
15
47
20
11
22
12
52
14
213
14
18
10
11
13
28
13
21
13
17
10
23
15
20
40
34
27
23
12
10
21
15
39
11
25
11
28
14
12
41
79
28
22
49
12
26
25
16
11
19
15
19
13
13
14
46
18
51
20
31
10
12
10
18
17
30
14
12
56
11
11
16
18
15
13
16
10
32
17
26
12
17
12
16
17
25
19
13
62
12
24
19
12
10
11
10
11
11
13
40
56
17
18
31
15
65
35
35
44
11
40
19
16
14
18
11
10
29
18
12
66
16
13
63
12
11
16
17
22
12
10
16
91
20
10
16
16
12
32
10
11
10
18
12
16
10
16
11
11
10
10
17
10
10
10
10
11
11
12
10
10
10
11
12
11
35
12
11
13
10
12
19
15
11
18
15
11
10
19
11
10
10
16
15
10
10
10
10
10
10
10
12
11
10
15
14
10
12
12
14
11
14
11
13
17
15
16
16
11
10
20
21
11
10
10
15
12
11
16
10
11
10
10
10
11
10
10
13
11
11
18
12
12
18
10
11
11
10
11
15
10
10
13
10
13
10
12
12
11
13
10
10
13
10
10
18
10
10
11
17
11
10
10
30
11
14
11
13
10
14
19
11
26
15
10
11
10
10
10
11
10
13
17
14
10
10
14
13
11
11
11
10
10
11
16
10
10
11
10
42
11
14
11
12
12
21
11
13
21
10
18
15
14
15
10
10
13
11
11
12
10
13
10
11
14
