10
12
12
13
10
14
12
16
14
12
12
11
13
11
14
16
11
21
18
15
11
15
23
14
11
10
25
10
15
19
15
11
15
15
10
11
12
12
10
16
11
11
13
10
11
13
12
20
12
10
10
10
12
11
12
11
20
17
15
11
18
17
10
18
10
10
10
10
12
20
10
10
15
14
13
16
14
26
14
12
10
12
10
11
10
19
15
14
20
11
11
10
12
15
15
14
13
16
10
12
16
10
15
12
11
13
11
12
16
18
11
21
10
10
10
17
11
11
10
10
14
10
15
12
16
15
10
12
15
10
11
10
19
14
12
10
11
22
11
12
11
10
11
14
11
13
11
10
16
15
10
12
13
10
14
12
10
13
14
18
10
10
18
14
10
10
15
20
25
20
10
10
13
16
11
11
16
16
10
20
19
10
17
16
47
15
20
11
12
22
52
14
10
213
15
11
18
28
14
13
21
23
13
17
40
12
20
15
34
23
27
10
21
12
13
10
39
15
11
28
25
11
41
12
28
22
49
14
79
25
12
26
16
19
11
15
19
13
14
13
46
18
20
51
31
12
10
10
18
17
30
14
56
11
11
16
12
15
13
16
18
32
26
17
17
12
12
10
16
17
19
25
62
13
12
24
19
12
10
11
11
10
11
40
56
17
18
31
13
15
65
35
35
44
11
40
16
14
19
11
10
18
29
18
12
16
66
63
12
11
17
16
22
12
10
10
13
16
91
20
16
16
12
32
10
11
10
18
16
12
11
10
11
10
10
16
10
17
10
10
10
11
11
10
10
10
12
11
35
12
11
11
13
12
10
19
15
12
18
15
10
11
19
11
10
10
11
10
16
15
10
10
10
10
10
10
12
11
10
15
14
10
12
12
14
11
14
13
11
17
15
16
16
11
10
20
21
10
10
12
11
15
16
10
11
10
10
10
11
10
11
13
18
10
12
12
18
10
11
11
11
10
10
15
10
10
13
13
10
12
12
11
13
10
10
11
10
13
18
10
10
11
11
10
17
11
10
10
11
30
14
19
13
10
10
14
11
26
15
10
11
10
11
10
13
10
11
10
17
10
14
14
13
11
11
11
10
10
16
11
10
11
10
10
11
42
14
11
12
12
21
13
21
10
18
15
14
15
10
13
11
10
11
11
12
10
10
11
14
13
