10
12
12
10
14
13
12
16
14
12
12
13
11
11
15
11
21
16
11
25
18
14
15
11
14
15
15
10
10
19
11
15
15
10
12
10
23
12
11
10
16
11
13
11
10
12
10
13
20
11
10
12
11
12
12
11
17
15
11
17
18
10
18
10
10
10
20
14
10
10
12
12
10
15
13
20
16
14
14
11
26
10
12
10
15
20
10
19
11
10
11
14
14
12
15
10
13
15
11
12
15
10
16
13
16
11
12
12
16
18
11
21
11
10
17
11
10
10
10
12
14
10
10
10
12
15
16
15
10
11
10
11
10
19
15
12
14
10
22
11
12
11
11
11
10
14
11
10
16
15
10
10
13
13
10
14
10
12
13
14
12
18
15
18
10
10
20
14
20
10
10
13
25
16
12
11
15
16
16
20
19
10
17
11
10
15
16
20
12
47
52
14
10
213
22
11
14
28
18
13
11
13
13
21
40
10
20
17
34
23
15
10
12
21
15
39
27
25
23
12
28
41
28
14
22
11
79
49
12
25
26
11
16
19
19
15
13
14
13
11
20
46
31
51
18
18
10
12
10
14
30
17
12
56
11
11
16
18
15
13
10
32
16
26
17
17
12
12
16
17
25
19
62
13
24
12
19
12
10
11
11
13
10
40
11
56
17
18
31
15
65
35
35
44
40
19
11
16
14
18
10
11
29
18
12
16
13
66
63
12
11
17
16
22
12
10
10
16
91
20
16
16
12
32
10
11
10
18
12
16
10
16
11
11
10
10
17
10
10
10
10
11
11
10
12
10
10
11
12
11
35
12
11
13
10
12
19
15
18
11
15
10
19
11
11
10
10
10
15
16
10
10
10
10
10
10
10
12
11
10
15
14
10
12
14
12
11
14
11
13
17
15
16
16
11
10
20
21
11
10
15
12
11
16
10
11
10
10
10
10
11
11
11
10
13
12
12
18
11
18
10
11
11
10
10
15
10
10
13
13
10
12
12
11
13
10
10
10
13
10
10
10
11
11
17
18
11
10
11
30
10
14
19
13
10
14
10
11
15
26
10
11
10
10
13
11
10
17
10
14
10
14
13
11
10
11
10
16
11
10
10
11
11
10
11
42
14
11
12
12
21
11
13
21
10
18
15
15
14
10
13
10
11
11
12
10
10
13
14
11
