10
12
10
12
14
14
12
16
13
12
12
13
11
11
15
16
14
11
21
25
18
23
11
11
15
15
10
19
10
15
11
14
12
10
11
10
11
12
10
16
15
11
11
10
13
13
20
10
12
12
12
11
10
12
11
20
15
11
18
15
10
17
17
18
10
10
10
14
10
10
12
12
15
10
20
16
14
20
13
26
11
14
10
15
12
10
19
10
11
14
10
11
12
14
10
13
16
11
15
15
10
16
12
12
12
15
11
13
16
18
10
11
21
11
10
11
17
12
10
10
10
15
10
10
14
12
16
10
10
15
15
11
11
19
10
14
10
22
12
11
11
10
12
11
14
13
10
11
10
15
12
16
10
14
10
10
13
12
18
15
18
10
11
14
13
10
20
14
10
15
20
10
12
13
11
16
11
16
10
16
19
10
17
15
16
47
11
20
20
22
12
52
14
213
14
11
28
10
18
13
13
13
23
25
21
17
40
15
10
20
23
27
10
12
34
15
21
11
39
25
28
12
11
41
79
14
22
28
49
12
25
16
19
26
13
19
11
15
14
18
13
46
20
51
31
12
10
18
17
10
30
14
12
56
11
11
18
15
16
16
10
32
26
17
17
13
12
12
16
17
25
19
13
62
12
24
19
12
10
11
11
10
13
11
40
56
18
17
31
15
65
35
35
44
11
19
40
14
18
11
10
29
18
12
16
16
66
63
13
12
11
17
16
22
12
10
10
16
91
20
16
16
12
32
10
11
10
12
18
16
10
16
11
11
10
10
17
10
10
10
10
11
11
12
10
10
10
11
12
11
35
12
11
10
12
19
15
18
11
13
15
10
11
19
10
11
10
16
15
10
10
10
10
10
10
10
10
11
10
12
15
14
10
12
12
14
11
14
11
13
17
15
16
16
11
10
20
21
11
10
10
15
12
11
16
11
10
10
10
10
10
13
11
11
12
12
18
10
18
11
11
11
10
11
10
10
15
10
13
13
10
12
12
11
13
10
10
10
13
10
18
10
10
11
11
17
11
10
10
11
30
14
19
13
14
10
10
26
15
11
10
11
10
10
10
13
11
17
14
10
10
14
13
11
11
10
10
16
11
10
11
10
11
10
11
42
14
11
12
21
13
11
21
18
12
15
10
15
10
10
13
11
11
12
10
13
10
11
14
14
