10
12
10
12
14
13
14
12
16
12
12
11
13
11
14
16
11
21
15
18
11
15
23
11
15
15
10
10
19
14
15
10
15
12
10
11
12
11
10
11
11
16
13
10
12
11
13
25
12
11
20
10
10
12
12
11
20
17
15
11
17
18
10
18
10
10
14
10
12
10
10
20
12
20
15
13
10
16
26
14
11
14
12
10
10
15
19
14
10
10
14
12
11
15
10
13
16
11
11
16
10
12
12
15
12
13
11
15
16
18
11
21
11
11
10
10
10
17
12
10
10
14
15
12
16
10
15
10
15
10
11
10
10
14
19
11
10
11
12
22
12
11
10
11
14
13
10
11
16
11
10
15
10
12
10
13
12
10
14
14
18
15
13
18
10
15
14
10
20
25
20
13
10
16
12
10
11
11
16
16
20
10
10
19
15
16
20
11
17
47
12
14
52
22
213
14
10
11
13
18
13
28
23
13
21
17
20
15
40
10
23
34
27
10
12
21
15
11
28
39
25
12
41
11
14
28
22
12
49
79
25
26
16
11
19
15
19
13
13
14
46
20
18
51
31
18
12
10
17
10
14
30
12
11
11
56
16
18
15
13
16
10
32
26
17
12
12
17
16
17
25
19
13
62
12
24
19
10
12
11
11
10
13
11
40
17
56
18
31
15
65
35
35
11
40
19
16
14
18
11
10
29
18
12
66
16
13
63
44
11
12
17
16
12
10
10
91
20
16
16
16
22
32
12
10
11
10
18
12
16
10
16
11
11
10
10
10
17
10
10
11
10
11
10
12
10
10
11
12
11
35
11
12
13
10
12
19
15
18
11
15
10
11
19
11
10
10
10
16
15
10
10
10
10
10
10
10
12
11
10
15
14
10
12
12
11
14
14
13
17
11
16
16
10
21
11
10
20
15
12
10
16
11
10
11
10
15
10
10
11
11
10
11
13
11
18
12
12
18
11
11
11
10
10
15
10
10
13
13
10
12
12
11
10
13
10
10
10
13
10
18
10
10
11
11
17
11
10
10
11
30
13
10
10
14
11
15
10
11
10
10
19
10
26
13
11
10
14
17
10
14
13
11
11
10
11
16
11
10
10
11
10
11
42
14
10
14
11
12
12
21
11
13
21
18
15
15
14
10
10
13
11
11
10
12
13
10
11
10
14
