10
12
14
14
12
13
12
16
12
12
11
13
15
11
16
14
10
11
11
25
23
15
18
14
11
15
21
15
19
10
11
15
15
10
12
10
10
11
11
11
16
11
13
10
12
13
10
12
10
20
12
12
10
11
11
12
20
17
15
18
11
10
18
10
14
10
12
10
17
20
10
10
10
20
15
16
13
14
26
14
12
10
12
15
10
10
19
11
10
14
14
11
15
11
15
10
13
16
16
11
10
15
12
12
12
13
12
16
18
11
21
11
10
11
10
10
17
10
12
11
10
14
15
12
10
16
15
10
10
15
11
11
10
10
10
14
11
19
11
12
12
22
14
11
11
13
11
10
16
15
10
12
10
10
14
10
10
14
13
18
13
15
18
14
10
15
10
20
25
10
12
10
16
12
11
11
13
20
10
16
20
16
10
15
17
16
47
11
20
22
12
14
52
10
213
11
14
18
28
13
19
21
23
13
13
17
10
20
15
23
40
27
12
10
34
15
21
39
25
28
12
11
11
41
14
12
49
26
79
25
19
22
11
19
13
15
16
13
46
14
28
51
20
12
18
18
10
17
14
30
12
56
11
11
10
16
31
15
18
13
10
32
26
17
17
12
12
16
16
17
25
19
13
62
12
24
19
12
11
11
10
11
13
40
56
10
17
18
31
15
65
35
35
44
11
40
19
16
14
18
11
10
29
18
12
66
16
13
63
12
11
17
16
22
10
12
16
91
10
20
16
16
12
32
10
11
10
18
12
16
10
16
11
11
10
10
17
10
10
10
11
11
12
10
10
10
11
12
11
35
12
11
13
10
12
19
15
10
11
18
15
10
11
19
11
10
10
10
16
10
10
10
10
15
10
10
10
12
11
10
15
10
14
12
12
14
11
13
14
11
17
16
16
15
11
10
21
11
10
20
10
15
12
11
16
11
10
10
10
11
10
11
13
11
18
12
10
12
18
10
11
11
11
10
15
10
10
10
13
10
13
12
12
11
13
10
10
10
13
10
18
10
11
11
10
11
10
10
11
30
14
19
13
10
10
14
11
26
15
10
11
10
10
10
17
13
11
10
17
14
14
10
13
11
11
10
10
11
16
11
10
10
11
11
42
10
14
11
12
12
11
13
21
21
10
15
14
18
10
10
11
11
13
12
13
10
10
11
15
14
