12
10
12
10
14
13
14
12
16
12
12
11
13
15
16
11
21
11
18
25
15
23
14
11
15
11
15
10
10
19
14
15
11
12
10
11
12
10
11
10
16
11
11
13
10
12
13
10
20
12
11
10
12
12
11
20
17
15
11
18
17
10
10
18
10
14
10
12
10
10
20
12
15
20
13
16
14
26
14
10
10
11
12
10
15
10
19
11
14
10
14
11
15
15
10
13
16
12
16
12
11
10
15
12
13
12
11
16
18
11
10
21
11
10
10
17
10
12
10
10
14
10
15
12
16
15
11
10
10
15
11
11
14
19
10
10
12
11
22
11
12
11
10
11
14
10
11
13
10
16
15
10
12
13
14
10
12
10
13
18
14
15
14
10
10
18
15
20
25
20
10
10
13
12
16
11
11
16
16
10
20
19
10
17
15
47
16
15
11
20
22
52
14
213
12
14
10
11
18
28
13
13
13
21
17
23
40
20
10
15
34
23
27
10
12
21
39
15
11
28
25
41
11
28
14
22
79
49
26
25
19
12
19
13
11
16
15
13
46
18
20
51
31
12
12
18
10
17
14
30
12
56
11
11
16
18
15
13
16
10
32
26
17
17
12
12
16
17
10
25
19
13
62
12
14
24
12
10
11
11
13
10
11
56
17
40
18
31
15
65
35
35
44
11
19
40
16
14
18
10
11
29
12
18
66
16
13
63
12
19
11
16
17
22
10
16
10
12
91
20
16
16
12
32
10
11
10
18
12
16
10
16
11
11
10
17
10
10
10
10
11
10
12
10
10
10
11
12
11
35
12
11
13
10
12
19
15
18
11
15
10
11
19
11
10
10
10
16
15
10
10
10
10
10
10
10
11
10
15
14
10
12
12
14
11
14
11
13
17
15
16
16
11
10
20
21
11
10
10
15
11
12
11
16
10
12
11
10
10
10
11
10
13
11
11
18
12
12
18
11
11
11
10
10
15
10
10
13
13
10
12
12
11
13
10
10
10
13
10
18
10
10
11
11
17
10
11
10
11
30
14
19
13
10
10
14
11
26
15
10
11
10
10
10
13
11
10
10
17
14
10
14
13
11
11
10
11
10
16
11
10
10
11
10
42
11
11
12
12
21
11
13
21
10
18
15
14
15
10
10
13
11
11
12
10
13
10
11
14
14
