12
10
10
13
14
12
16
12
12
12
11
13
15
14
16
11
21
11
18
11
15
23
25
14
11
14
10
10
15
15
15
15
10
12
19
10
11
12
11
10
16
11
11
13
12
10
13
20
12
11
10
11
12
12
11
20
17
15
11
18
17
10
10
18
10
14
10
12
10
10
20
10
12
15
20
13
16
14
26
14
11
10
12
10
10
10
15
19
11
14
14
11
10
12
15
15
10
16
11
16
12
13
10
12
13
15
12
11
16
18
11
10
21
11
11
10
10
12
10
10
17
14
10
10
15
16
12
15
10
10
15
11
11
10
14
19
10
11
22
11
12
11
10
11
14
12
10
13
10
11
15
10
13
14
10
12
10
13
14
12
18
15
16
14
10
18
10
15
20
25
20
10
10
13
12
16
11
11
16
16
20
19
10
17
10
16
15
20
47
11
12
22
52
14
213
14
11
28
18
10
13
13
13
21
23
40
17
10
20
15
23
27
34
10
12
15
21
39
11
25
12
28
14
28
22
79
41
11
12
25
49
16
19
19
13
11
13
15
46
26
18
51
20
18
12
10
14
17
31
14
30
10
11
11
16
56
18
13
16
10
32
12
26
17
17
12
12
15
17
25
19
13
16
62
12
24
19
12
10
11
11
10
13
40
56
17
11
18
15
65
31
35
35
44
11
40
19
14
18
11
10
29
18
12
16
16
13
12
11
17
16
22
12
10
16
10
20
91
16
16
66
12
32
63
10
11
12
16
10
10
16
11
11
10
18
17
10
10
10
10
11
10
11
10
10
10
11
11
35
12
13
11
12
19
10
15
18
12
11
15
11
19
11
10
10
10
10
15
10
10
10
10
10
10
16
12
11
10
12
15
10
12
14
11
14
11
13
17
15
16
16
12
10
20
21
11
11
10
10
15
12
14
11
16
10
11
10
10
11
10
11
13
11
18
12
10
12
18
10
11
11
11
10
10
15
10
13
10
13
10
10
12
12
13
11
10
10
13
10
10
18
10
10
11
11
17
10
11
10
11
30
14
19
13
10
14
10
11
26
15
10
11
10
10
10
13
11
10
17
14
10
14
13
11
11
10
10
11
16
11
10
10
11
10
11
42
14
11
12
12
21
11
13
21
10
18
15
14
15
10
10
13
11
11
12
10
13
10
11
14
