10
12
14
13
12
10
14
12
12
16
12
11
15
11
14
16
13
11
11
25
21
23
15
11
14
18
15
15
10
10
19
11
15
10
12
15
11
11
10
16
11
12
13
11
12
10
10
10
13
11
20
12
12
10
12
11
20
17
11
18
15
10
10
10
17
18
12
14
10
20
10
12
10
20
15
16
10
26
14
14
11
10
10
12
13
19
10
15
11
14
11
14
15
12
15
13
10
11
16
16
10
15
12
13
10
12
11
12
18
11
10
16
11
11
21
17
12
10
10
10
10
14
15
10
16
10
12
10
15
11
15
11
14
10
10
10
11
22
12
12
11
19
10
11
14
11
11
10
13
15
10
16
10
13
10
14
12
12
14
18
15
10
13
18
10
14
15
25
10
10
20
13
10
16
20
11
11
16
16
20
19
12
17
10
10
16
20
15
12
22
52
14
10
47
213
11
14
18
28
11
21
13
13
17
13
10
40
15
23
34
27
10
23
12
21
15
20
25
39
12
11
11
28
28
41
22
14
12
49
26
79
19
25
11
13
15
16
19
13
46
18
51
31
12
14
18
20
10
17
10
14
12
30
11
11
16
56
18
15
13
16
10
32
26
17
17
12
12
16
17
25
19
13
62
12
24
19
12
10
11
11
10
13
11
40
56
17
18
31
15
35
65
44
35
11
40
19
14
16
18
11
10
29
18
12
66
13
16
63
12
17
11
22
12
10
16
10
16
91
20
16
16
12
32
10
11
10
18
12
16
10
16
11
11
10
10
10
17
10
10
11
11
10
12
10
10
10
12
11
11
35
12
11
13
12
10
19
15
11
15
18
10
11
19
11
10
10
16
10
15
10
10
10
10
10
10
10
12
11
10
15
14
10
12
12
14
11
14
11
13
17
15
16
16
11
10
20
21
11
10
15
10
12
11
16
10
11
10
10
11
10
11
10
13
11
18
12
18
12
10
11
11
11
10
10
15
10
10
13
13
12
10
12
11
13
10
10
10
13
10
18
10
10
11
11
17
11
10
10
11
30
14
19
13
10
10
14
11
26
15
10
11
10
10
10
13
11
10
17
14
10
14
13
11
11
10
11
10
16
11
10
10
11
10
42
11
14
11
12
12
21
11
13
21
10
18
15
14
15
10
13
10
11
11
12
10
11
10
14
13
