12
10
10
14
12
13
12
16
12
12
11
13
11
15
14
11
16
21
18
25
15
23
14
14
11
15
15
11
10
11
19
15
10
15
10
10
12
11
12
10
11
11
16
11
13
10
10
12
20
11
13
10
12
12
12
20
11
17
11
18
10
17
15
10
14
18
10
10
12
20
10
10
15
20
13
12
14
16
26
10
14
12
11
10
10
15
19
11
14
14
11
10
15
10
10
12
13
11
16
12
10
15
16
13
12
15
12
11
16
11
18
11
21
11
10
10
12
10
17
10
10
10
14
12
16
15
10
15
15
11
10
10
11
14
19
10
11
12
10
22
11
12
11
10
14
13
10
11
11
16
10
10
13
14
12
15
10
10
12
13
15
14
18
18
10
15
14
10
25
10
20
13
20
16
10
11
12
16
11
20
19
10
17
15
16
47
20
16
10
11
52
12
10
14
213
22
14
18
28
11
13
21
13
13
23
40
20
17
10
34
23
10
27
21
15
12
39
15
11
28
12
41
25
22
14
28
49
79
11
12
16
26
11
19
25
13
19
14
46
15
18
20
31
13
51
12
18
17
10
14
30
12
10
11
56
16
11
18
15
13
10
16
32
26
17
17
12
16
17
25
19
13
62
12
24
12
19
11
11
10
13
10
11
40
56
18
17
31
15
65
35
35
44
11
40
19
16
14
18
11
10
12
29
18
12
66
16
13
63
12
11
17
16
22
12
10
10
16
20
16
16
12
32
10
11
10
18
12
16
10
91
16
11
11
10
10
17
10
10
10
10
11
11
12
10
10
10
11
12
35
11
11
12
13
19
12
15
18
10
11
15
10
11
19
11
10
10
10
16
15
10
10
10
10
10
10
10
12
11
15
10
14
12
12
10
14
11
11
14
13
17
15
16
16
11
10
20
21
11
10
12
15
10
11
16
10
11
10
10
10
11
10
11
13
11
18
12
12
18
10
11
11
11
10
10
15
10
10
13
13
10
12
12
11
13
10
10
13
10
10
18
10
10
11
11
17
11
10
10
11
30
14
19
13
10
10
14
11
26
15
11
10
10
10
10
13
11
10
14
17
10
14
13
11
11
10
11
10
16
11
10
10
10
11
11
14
42
11
12
12
21
11
13
21
10
18
15
14
15
10
13
10
11
11
12
10
13
10
11
14
