10
10
12
14
13
14
12
12
16
12
12
11
13
15
11
16
11
21
11
18
25
15
23
14
11
15
15
10
10
19
11
15
15
10
14
10
12
11
11
12
10
11
11
10
13
12
16
10
20
11
10
12
12
13
11
20
15
17
11
17
10
12
10
18
14
10
10
12
20
10
12
10
20
15
13
16
26
14
14
11
12
10
10
15
19
10
11
14
14
10
11
12
15
15
10
13
11
16
12
16
10
18
12
15
12
13
10
11
16
18
11
10
21
11
11
10
17
12
10
10
10
10
15
12
15
14
10
10
15
16
10
11
11
19
12
10
11
14
11
11
12
22
11
14
10
13
11
10
10
15
12
16
13
14
12
10
10
14
13
18
15
18
10
10
10
15
20
20
14
10
10
12
13
11
16
16
11
16
10
25
20
10
15
17
16
20
19
11
12
52
14
10
213
11
47
18
14
13
13
21
13
23
17
10
40
20
34
23
15
10
27
12
28
15
22
39
25
11
12
28
11
14
22
28
21
49
12
26
25
16
79
19
11
13
15
13
10
46
18
41
20
51
31
12
19
18
14
10
10
14
30
12
56
11
11
16
18
15
17
13
16
32
26
17
17
12
12
10
16
17
25
19
62
12
24
19
13
10
11
11
10
12
13
11
40
56
17
18
31
15
65
35
35
44
11
40
19
16
18
11
10
29
18
12
66
16
13
63
12
11
17
16
22
12
10
10
16
91
20
16
16
12
32
11
10
10
18
12
16
10
16
11
11
10
10
17
14
10
10
10
10
11
11
12
10
10
10
11
12
11
35
12
11
13
10
12
19
15
18
11
15
10
11
19
11
10
10
10
16
15
10
10
10
10
10
10
10
12
11
10
15
14
10
12
12
14
11
14
11
13
17
15
16
16
11
10
20
21
11
10
10
15
12
11
16
11
10
10
10
11
10
11
13
11
18
12
12
10
18
11
11
11
10
10
15
10
13
13
10
10
12
12
10
11
13
10
10
10
13
10
10
18
10
11
11
17
11
10
10
11
30
14
19
13
10
10
14
11
26
15
10
11
10
10
10
13
11
10
17
14
10
14
13
11
11
10
11
10
16
10
11
10
11
10
11
42
14
11
12
12
21
11
13
21
10
18
15
14
15
10
13
11
10
11
12
10
13
10
11
14
