10
12
10
12
13
14
12
14
12
16
12
11
13
11
14
16
21
15
11
15
18
14
11
15
15
23
25
11
11
10
15
10
15
12
10
11
10
12
19
11
16
13
10
10
13
11
11
20
12
10
10
11
12
12
12
11
17
20
15
11
18
10
10
10
17
10
14
10
12
20
18
12
15
10
13
16
14
26
20
14
11
12
10
10
15
10
11
19
10
14
10
14
11
12
13
15
16
11
10
15
16
15
13
12
10
12
11
16
12
18
10
21
11
11
10
17
10
11
10
12
14
10
15
12
10
10
16
10
15
11
10
15
10
14
11
12
11
10
11
22
11
10
11
19
12
14
13
11
10
10
15
12
10
13
16
10
12
10
13
14
18
14
15
14
10
18
10
20
15
25
20
10
13
12
16
11
16
16
10
20
19
10
10
11
16
17
15
12
22
11
47
10
213
52
11
14
28
13
13
14
13
21
17
40
10
23
18
15
20
34
27
20
23
10
12
21
15
11
25
28
12
39
14
22
41
49
28
26
12
16
19
25
79
11
13
13
14
19
18
46
20
51
11
31
15
10
18
12
14
12
30
11
56
11
17
16
18
15
13
16
10
32
26
17
17
12
12
16
17
10
25
19
13
62
12
24
19
12
10
11
11
10
13
11
40
56
17
18
15
65
31
35
44
35
40
11
19
14
16
18
11
10
29
18
12
66
16
13
63
11
12
17
22
12
10
16
10
16
91
20
16
16
12
32
10
11
10
18
12
10
16
16
11
11
10
10
17
10
10
10
10
11
11
12
10
10
10
11
12
11
35
11
13
10
12
12
15
18
11
10
15
11
19
19
11
10
10
16
15
10
10
10
10
10
10
10
10
12
11
10
15
14
10
12
12
14
14
11
11
13
17
15
16
16
11
10
20
21
11
10
10
15
12
11
10
16
11
10
10
10
11
10
11
13
11
18
12
12
18
10
11
11
11
10
10
15
10
10
13
13
10
12
12
11
13
10
10
10
10
18
10
13
10
11
11
11
10
11
17
30
14
10
19
13
10
10
14
26
11
15
10
11
10
10
10
13
11
10
17
14
10
14
11
11
13
10
11
10
16
11
10
10
11
10
11
42
14
12
11
12
21
11
13
21
10
18
15
14
15
10
10
13
11
11
12
10
13
10
11
14
