10
12
10
12
14
13
14
12
16
12
12
11
13
15
11
14
16
11
21
11
18
25
15
23
14
11
15
15
10
19
11
15
10
10
15
10
12
11
11
10
11
16
11
13
12
12
13
10
20
10
10
12
12
11
12
15
20
11
18
17
10
18
10
14
10
12
10
10
10
20
10
11
20
13
15
14
26
12
14
16
17
10
12
10
10
15
11
11
14
14
11
10
12
15
15
13
19
11
16
16
10
10
15
12
13
12
11
12
16
18
11
11
21
10
11
17
10
10
10
10
10
10
15
12
12
15
14
10
10
15
16
11
10
11
10
14
12
11
22
11
19
11
12
10
11
10
13
14
11
16
10
10
12
13
15
10
10
14
12
14
18
18
13
15
10
15
14
25
20
20
10
13
12
10
16
11
11
10
16
10
20
19
10
16
15
17
47
16
20
12
22
52
14
213
11
14
10
11
28
18
13
13
13
21
23
17
40
20
10
15
23
12
10
27
21
15
34
39
25
11
28
12
41
14
22
79
12
26
25
16
28
19
11
11
49
13
19
15
13
14
46
20
51
12
31
18
10
10
17
14
18
12
30
11
11
16
15
56
18
10
13
32
17
17
12
12
16
25
17
19
13
62
12
24
19
12
10
11
11
10
13
11
16
40
56
26
17
18
31
15
65
35
35
44
11
40
19
16
14
18
11
10
29
18
12
16
66
13
63
12
11
17
16
22
12
10
10
16
91
20
16
16
12
32
10
11
10
18
12
16
16
11
11
10
10
17
10
10
10
10
10
11
12
10
10
10
11
11
12
11
35
12
11
13
10
12
19
15
18
11
10
11
19
11
10
10
10
16
15
10
10
10
10
10
10
10
12
15
11
10
15
14
10
12
14
14
12
11
13
17
15
16
16
11
10
20
21
11
10
10
15
12
11
16
10
11
10
10
10
11
10
11
11
18
12
13
11
18
10
11
11
11
10
12
15
10
10
13
13
10
10
12
12
13
10
10
10
13
11
10
18
10
10
11
11
17
11
10
10
11
30
14
19
13
10
10
14
11
26
15
11
10
10
10
13
11
10
10
17
14
10
14
11
13
11
10
11
10
16
11
10
10
11
10
11
42
14
11
12
12
21
11
13
21
10
18
15
14
15
10
10
13
11
11
12
10
13
10
11
14
