10
12
14
10
14
12
13
16
12
12
12
11
13
15
14
16
21
11
18
11
25
15
14
15
11
23
10
15
10
19
15
11
10
12
10
15
11
11
10
11
16
11
13
11
10
12
13
20
12
12
11
10
10
12
12
11
17
15
17
20
10
18
10
10
10
18
12
14
10
10
20
10
12
15
20
16
11
26
14
11
14
12
13
15
10
19
10
11
10
10
11
14
15
12
15
10
13
14
16
16
11
10
12
13
12
12
11
15
16
18
11
21
11
11
10
17
10
10
12
10
14
10
10
12
10
15
10
15
15
10
10
11
14
16
12
11
22
10
19
11
11
10
12
14
10
11
11
11
16
10
10
13
12
15
13
10
10
14
14
12
18
15
13
14
10
15
18
25
20
10
10
13
10
16
11
20
11
16
16
20
12
10
10
15
16
17
20
11
47
22
12
52
10
19
213
11
14
18
28
13
13
21
13
23
17
40
20
10
15
14
23
27
10
34
21
12
39
11
25
12
11
28
14
28
15
22
49
41
26
12
16
19
79
25
13
15
19
14
13
18
11
51
46
31
20
18
12
10
17
30
14
12
10
56
11
11
16
15
18
16
10
32
13
26
17
12
12
17
17
16
25
19
13
62
12
19
12
10
24
11
11
10
13
11
40
17
18
31
15
65
35
35
44
11
40
19
56
16
14
11
18
10
29
18
66
13
16
12
63
11
12
17
22
16
12
10
10
16
91
20
16
16
32
12
11
10
10
18
12
16
10
16
11
11
10
17
10
10
10
10
11
10
11
12
10
10
10
11
12
12
35
11
11
12
10
13
18
15
19
11
15
11
19
11
10
10
10
16
15
10
10
10
10
10
10
10
10
12
11
10
15
14
10
12
12
14
11
11
17
14
15
13
16
11
16
10
20
21
11
10
15
12
11
16
10
11
10
10
10
10
10
11
11
13
11
18
12
12
10
18
11
11
11
10
15
10
10
10
13
13
10
12
11
13
10
10
10
12
10
13
18
10
11
10
11
17
11
10
10
11
30
14
19
13
10
10
14
11
26
15
10
11
10
10
10
13
11
10
17
14
10
14
13
11
10
11
10
16
11
10
10
11
11
11
10
14
42
11
12
12
21
11
13
21
10
18
15
14
15
10
10
11
13
11
12
10
13
10
11
14
