10
10
12
14
13
14
12
16
12
12
11
13
15
16
14
11
21
18
11
25
11
14
15
15
11
23
15
10
10
15
11
10
12
19
10
11
12
10
16
11
15
13
10
12
11
10
13
20
11
10
12
12
12
20
11
17
11
18
12
11
15
17
10
18
10
14
12
10
10
10
10
12
15
20
10
16
14
26
14
20
11
12
13
10
15
10
19
14
10
14
10
12
11
15
11
13
16
10
11
12
10
16
15
15
12
13
11
12
16
11
10
21
11
10
11
18
17
12
10
10
10
14
10
12
15
10
16
10
10
15
11
15
19
10
11
10
14
11
11
12
11
22
11
14
12
13
10
11
10
10
15
10
12
16
14
12
10
10
14
13
18
15
13
18
14
10
15
10
25
20
10
13
10
12
11
20
11
16
10
20
19
16
10
16
17
47
20
11
16
22
15
14
52
213
14
12
18
28
13
13
11
10
23
13
17
10
20
40
34
15
21
27
10
23
21
12
15
39
11
12
11
28
41
28
25
14
79
12
49
22
26
16
19
25
19
13
11
15
13
14
20
18
46
51
31
18
12
10
17
30
10
56
14
11
12
11
16
18
13
15
16
10
32
26
17
12
12
17
16
17
25
19
13
62
12
24
19
12
10
11
11
10
13
40
56
17
18
65
31
35
35
44
11
40
11
15
14
16
18
11
29
10
19
18
12
66
16
13
63
12
11
17
16
12
22
10
10
91
20
16
16
12
16
32
10
11
10
18
12
16
10
16
11
10
10
11
17
10
10
10
10
11
11
10
10
10
12
12
11
35
12
11
13
11
10
12
19
15
18
11
15
10
11
19
10
11
10
10
16
15
10
10
10
10
10
10
10
12
11
10
15
14
10
12
14
12
14
11
11
13
17
15
16
11
16
10
20
21
10
11
15
12
10
16
11
10
11
10
10
10
10
11
11
13
11
12
18
18
12
11
10
11
11
10
10
10
10
13
13
15
10
12
12
11
10
13
10
10
13
18
10
10
10
11
17
11
11
10
10
11
30
14
13
10
19
10
11
14
26
10
11
10
10
10
15
11
13
10
14
17
10
14
13
11
11
11
16
10
10
10
10
11
10
11
11
14
42
11
12
12
21
11
13
21
10
18
15
14
15
10
10
13
11
10
11
12
13
10
11
14
