12
10
12
14
13
10
14
16
12
12
12
11
15
11
16
11
21
11
13
25
15
14
11
23
15
14
15
10
10
19
15
15
10
11
12
11
12
11
16
10
11
11
13
10
12
18
13
20
12
10
11
10
12
10
12
11
20
17
15
11
17
18
10
18
14
10
10
10
10
12
20
10
12
15
13
10
14
26
16
14
11
10
20
15
12
10
10
19
10
11
11
14
12
15
15
10
13
16
11
16
10
12
14
12
12
15
13
16
18
11
10
21
11
11
11
10
12
10
17
10
10
10
15
12
10
16
15
14
10
15
11
11
14
10
10
19
10
12
11
11
22
12
11
10
11
14
10
13
11
16
10
15
12
10
14
13
12
10
10
14
13
15
18
14
18
10
10
15
20
20
10
10
13
12
16
11
11
16
16
10
20
25
10
19
17
15
47
16
11
20
22
12
14
10
213
14
11
28
18
13
13
52
13
23
21
40
17
20
15
23
34
10
10
12
27
21
15
39
25
11
12
11
41
14
28
22
49
79
12
25
16
28
19
19
11
13
15
26
13
18
46
51
14
12
31
20
18
10
17
14
30
12
56
11
11
16
18
15
13
16
10
10
32
17
26
17
12
16
12
25
17
13
19
62
12
24
19
12
10
11
10
13
11
11
40
17
18
31
15
65
35
56
44
35
11
19
16
14
40
18
11
10
29
18
12
66
16
13
63
12
11
17
16
22
12
10
10
16
91
20
16
16
12
32
10
11
10
12
16
10
16
18
11
10
10
17
10
10
10
10
11
11
12
10
11
10
11
12
11
12
11
35
13
10
12
19
15
18
10
11
15
11
19
11
10
10
10
10
16
15
10
10
10
10
10
10
10
12
11
10
15
14
10
12
12
14
14
11
13
17
11
15
16
16
11
10
20
21
11
10
10
12
15
16
10
11
10
10
10
11
10
11
13
11
18
12
12
18
10
11
11
11
10
10
11
10
10
13
15
10
12
12
13
11
13
10
10
10
13
10
18
10
10
11
11
17
11
10
10
11
30
14
19
13
10
14
11
26
15
10
10
11
10
10
10
11
10
17
14
10
14
13
11
13
11
10
11
10
16
11
10
10
11
10
11
42
14
11
12
12
21
13
21
10
18
15
11
10
15
10
13
11
12
10
14
10
11
14
11
13
