12
14
10
10
12
13
12
14
16
12
12
11
13
15
11
14
11
11
21
18
15
16
23
14
11
15
25
10
10
11
19
15
15
12
10
11
15
11
10
10
16
11
12
11
10
12
10
13
12
20
13
11
12
10
12
20
11
17
11
17
18
10
10
15
18
10
14
12
10
10
20
12
10
15
13
20
10
26
16
11
14
12
10
14
10
15
19
14
10
11
14
12
11
15
15
13
10
16
10
16
12
11
12
15
13
10
11
12
16
18
21
11
10
11
11
17
10
10
10
10
14
10
12
12
16
15
10
10
15
15
10
11
10
11
14
10
12
19
11
22
12
10
11
14
10
11
13
11
10
15
10
12
16
14
13
10
11
10
12
18
15
13
18
14
10
10
14
20
25
20
15
10
10
16
11
11
13
12
10
16
19
10
17
20
15
47
16
20
16
12
52
22
10
213
14
11
14
11
13
28
13
13
23
17
18
40
20
15
34
23
27
21
10
12
21
10
15
39
11
25
28
11
41
28
14
12
49
12
25
22
16
26
19
19
11
79
15
13
13
46
18
20
51
12
14
18
31
10
17
14
30
12
56
11
16
11
18
13
16
15
10
32
10
26
17
17
12
12
16
17
25
19
13
62
12
24
19
12
10
11
11
10
13
11
56
40
17
18
31
15
65
35
35
44
11
40
19
16
14
18
11
29
10
18
12
66
16
63
12
13
11
17
16
22
12
10
10
16
91
20
16
16
12
32
10
11
10
18
12
10
16
11
11
10
17
10
10
10
10
11
10
11
12
10
10
16
10
12
35
12
11
11
13
11
10
12
15
18
19
11
15
10
11
19
11
10
10
10
16
10
10
15
10
10
10
10
10
12
11
10
15
14
10
12
12
14
14
11
13
17
15
16
16
11
11
20
21
11
10
10
10
15
12
11
16
10
11
10
10
10
11
10
11
13
11
18
12
12
18
10
11
11
11
10
10
15
10
10
13
13
10
12
12
11
13
10
10
10
13
10
18
10
10
11
11
17
11
10
10
11
30
14
19
13
10
10
14
11
26
15
10
11
10
10
10
13
11
10
17
14
10
14
13
11
11
10
11
16
11
10
10
11
11
10
14
10
42
12
11
12
21
11
13
21
10
18
15
14
15
10
10
13
11
11
12
10
13
10
11
14
