10
12
10
12
14
13
16
14
12
12
12
11
13
15
11
16
14
21
11
11
18
25
23
11
15
15
15
10
11
14
15
10
10
19
12
10
12
15
10
11
16
11
13
11
13
10
10
20
12
11
10
12
12
11
12
20
15
11
18
11
17
10
17
10
10
12
20
10
12
10
10
15
14
13
10
20
16
18
14
26
14
12
10
11
10
10
11
19
15
14
12
11
14
10
15
16
10
16
12
13
15
12
11
15
13
12
11
10
10
18
21
11
11
16
11
10
17
12
10
10
10
14
10
10
15
12
10
15
15
16
11
10
14
10
19
11
12
11
11
22
10
10
11
14
12
13
11
10
10
16
15
10
13
14
10
12
10
12
13
14
18
15
18
14
10
15
20
25
20
10
10
13
12
16
11
11
16
16
10
10
20
17
19
10
15
16
11
47
20
11
12
22
14
52
213
11
14
18
10
13
13
28
23
21
13
17
40
10
20
34
27
23
15
21
12
10
15
39
11
25
28
12
11
14
28
22
79
49
12
25
26
16
41
19
11
13
15
14
13
46
18
20
51
12
19
18
31
10
17
10
14
30
12
56
11
11
16
18
15
13
16
10
32
26
17
17
12
12
16
17
25
19
13
62
12
24
19
12
10
11
11
10
13
11
40
17
18
31
15
65
35
35
44
11
40
19
14
16
11
18
10
29
18
12
66
16
56
13
63
12
11
17
16
22
12
10
10
91
16
16
16
12
20
32
10
11
10
18
16
12
10
16
11
10
11
10
17
10
10
10
10
11
11
12
10
10
10
11
12
11
35
12
11
13
12
10
19
15
18
11
15
10
11
19
11
10
10
10
16
15
10
10
10
10
10
10
10
12
11
10
15
14
12
10
12
14
14
11
11
13
17
15
16
16
11
10
21
11
20
10
10
15
12
11
16
11
10
10
10
10
11
11
13
11
18
10
12
12
18
10
11
11
11
10
10
15
10
10
13
13
10
12
12
11
13
10
13
10
18
10
10
10
10
11
17
11
11
10
11
10
30
14
19
13
10
10
14
11
26
15
10
11
10
10
10
13
11
10
17
14
10
14
11
11
13
10
11
16
11
10
11
10
11
10
42
10
14
11
12
12
13
11
21
10
18
21
15
14
10
10
13
11
11
12
10
15
13
10
11
14
