12
10
10
12
14
13
14
12
12
16
11
12
13
11
15
16
11
11
14
25
18
23
21
14
11
15
15
15
10
19
15
11
10
12
10
10
15
11
11
10
16
11
13
10
12
13
10
11
20
11
12
10
12
12
12
11
17
15
18
10
17
10
11
10
20
14
10
12
10
10
18
10
20
13
12
20
15
14
26
10
12
14
10
11
15
16
10
11
19
14
14
12
11
15
10
10
16
13
15
11
12
10
15
12
13
16
12
11
16
18
10
11
21
11
11
10
12
10
10
17
14
10
15
12
10
10
15
10
16
10
11
11
10
15
14
19
12
22
10
11
12
11
11
11
10
14
11
13
16
15
10
10
12
13
10
14
10
13
14
18
10
15
18
10
10
12
15
25
20
10
10
13
12
16
11
11
16
14
16
20
10
19
10
15
16
47
11
20
22
12
52
20
213
10
14
14
18
13
11
28
13
21
23
17
13
17
20
10
40
34
15
27
12
10
21
23
15
11
25
28
11
12
41
14
28
22
49
39
12
26
79
16
19
19
25
11
13
15
14
13
20
46
18
51
31
18
12
10
17
10
30
12
56
11
11
16
15
13
16
14
10
26
17
32
12
12
18
17
16
17
25
19
62
12
19
24
12
10
11
11
10
13
11
13
40
17
18
31
65
15
35
35
56
11
40
19
16
44
18
11
29
10
18
14
66
16
13
12
63
12
11
17
16
22
12
10
10
16
91
20
16
16
12
32
10
11
10
18
12
16
10
11
16
11
10
10
10
17
10
10
11
12
10
10
11
10
10
12
11
35
12
11
11
10
12
19
15
18
11
10
15
11
19
11
10
13
10
10
16
10
15
10
10
10
10
10
10
11
12
10
15
14
10
12
12
14
11
14
11
13
17
15
16
16
10
20
11
21
11
10
15
12
11
16
10
11
10
10
10
11
10
11
13
11
18
12
12
18
10
11
11
11
10
10
10
15
10
10
13
13
10
12
12
11
13
10
10
10
13
10
18
10
10
11
11
17
11
10
10
11
30
14
19
13
10
10
14
11
26
15
11
10
10
10
13
11
10
10
17
14
10
14
13
11
11
10
11
16
10
11
10
10
11
10
11
42
14
11
12
12
11
13
21
10
18
15
14
15
21
10
11
13
10
12
13
10
10
11
14
11
