10
10
12
14
13
14
16
12
12
12
11
13
11
14
12
11
16
11
18
15
25
23
14
15
11
15
21
10
10
11
15
15
10
15
19
11
12
10
12
16
11
11
10
13
12
10
10
11
12
11
12
13
20
10
11
12
20
17
15
17
10
10
11
18
10
18
12
10
14
20
10
12
10
10
20
13
16
14
26
11
14
12
10
10
15
15
19
11
10
14
11
12
15
14
10
13
15
10
16
11
12
16
15
10
12
12
11
16
11
18
10
13
21
11
10
17
12
10
10
10
11
10
14
10
15
15
12
10
15
16
11
11
10
14
10
12
19
22
11
10
11
11
10
14
12
13
10
10
11
15
11
12
13
10
14
10
16
13
10
18
12
15
14
18
10
10
15
14
20
10
20
10
13
12
11
11
16
25
10
20
16
17
19
15
10
16
16
20
47
12
52
11
14
22
213
11
14
28
18
13
13
10
23
17
40
10
13
20
21
15
34
10
23
12
21
27
11
25
39
28
15
12
11
14
41
28
22
12
79
49
16
26
19
19
11
15
25
13
46
13
18
20
51
14
31
18
12
10
17
14
30
12
56
10
16
11
11
13
16
10
32
26
17
15
18
12
17
12
17
16
25
19
13
62
12
24
19
12
10
11
11
10
11
13
40
56
17
18
31
15
65
35
44
11
35
40
19
16
14
18
10
11
29
18
12
66
16
13
63
12
11
17
16
22
12
10
10
16
91
20
16
16
12
32
10
11
10
18
12
16
10
16
11
11
10
10
17
10
10
10
10
11
11
12
10
10
10
11
12
11
35
12
11
13
10
12
19
15
18
11
15
10
11
19
11
10
10
10
16
15
10
10
10
10
10
10
12
11
10
15
14
10
10
12
14
11
14
11
13
17
12
15
16
16
11
20
21
11
10
10
15
12
11
10
16
10
11
10
10
10
11
10
13
11
18
12
12
11
18
11
11
11
10
10
10
10
15
13
10
10
13
12
12
11
13
10
10
10
13
10
18
10
10
11
11
17
11
10
10
11
30
19
14
13
10
10
14
11
26
15
10
11
10
10
10
13
11
10
17
10
14
14
11
13
10
11
11
11
10
16
10
10
10
11
11
42
14
11
12
12
21
11
21
10
18
15
14
13
15
10
13
11
11
12
10
13
10
11
10
14
