10
12
12
10
13
14
12
16
12
14
11
13
12
16
11
14
21
11
18
15
15
23
14
11
15
25
10
10
19
11
15
15
10
12
10
11
15
11
12
16
11
11
11
10
12
13
10
20
11
12
10
12
12
10
11
20
13
17
11
18
15
17
10
18
14
10
10
10
10
10
20
12
15
20
13
16
14
26
11
14
10
10
12
10
12
15
10
19
11
14
10
14
12
15
15
10
11
13
16
11
16
12
10
15
12
12
11
13
16
18
10
21
11
11
11
10
17
12
10
10
10
10
14
10
12
16
15
10
15
15
11
10
19
10
12
10
11
22
11
14
11
11
11
10
14
13
11
10
16
15
10
12
13
14
10
12
10
13
14
18
18
10
15
14
10
15
20
25
10
20
10
13
12
16
11
11
16
10
10
20
19
10
17
15
16
47
20
11
12
22
52
14
213
16
14
11
18
28
13
13
13
21
23
17
10
40
15
10
34
23
27
20
10
21
12
12
39
11
25
28
12
11
41
14
28
79
49
12
26
25
15
19
19
22
16
15
13
46
20
14
18
31
51
12
11
13
17
14
30
12
56
11
11
16
18
15
13
16
10
32
26
17
10
17
12
12
16
18
17
10
25
19
62
13
12
24
19
12
10
11
11
10
13
11
40
56
17
18
31
15
65
35
35
44
11
40
19
16
14
18
11
10
29
18
66
16
13
12
63
11
17
16
22
12
10
10
16
91
12
20
16
12
16
32
10
11
10
18
16
12
10
16
11
11
10
10
17
10
10
10
10
11
11
12
10
10
10
11
12
11
35
12
11
13
10
12
19
15
18
11
15
10
11
19
11
10
10
10
16
15
10
10
10
10
10
10
10
12
11
10
15
14
10
12
12
14
11
14
11
13
17
16
15
10
20
16
21
11
11
10
12
15
11
16
10
11
10
10
10
11
10
11
13
11
18
12
12
18
10
11
11
11
10
10
15
10
10
13
10
13
10
12
12
11
13
10
10
10
13
10
18
10
10
11
11
17
10
11
10
11
30
14
13
19
10
10
14
11
26
15
10
11
10
10
10
13
10
11
17
14
10
14
13
11
11
11
10
16
11
10
11
10
10
10
11
42
11
12
14
12
21
11
13
21
10
18
15
14
15
10
10
13
11
11
12
10
13
10
11
14
